9

Murcury
Neutral
100 100 100 0
0 0 0 0
300 300 300 0
3.3022e23
2439.7
7.00507
48.3339
.2056324
77.45399999999999
0.387098
174.796
0.071426866
314.42369

Venus
Neutral
100 100 100 0
0 0 0 0
300 300 300 0
4.8685e24
6051.8
3.39472
76.6889
.0067933
131.761
0.723332
50.44675
0.027963199
236.94045

Earth
Player1
100 100 100 0
0 0 0 0
300 300 300 0
5.9736e24
6371.0
0.00041
349.2
0.0166967
102.8517
1.0000200
357.51716
0.017202575
328.40353

Mars
Neutral
100 100 100 0
0 0 0 0
300 300 300 0
6.4185e23
3396.2
1.84992
49.5664
.0934231
336.0882
1.523679
19.3564
0.009146456
262.42784

Jupiter
Neutral
100 100 100 0
0 0 0 0
300 300 300 0
1.8986e27
69911
1.30463
100.4713
.0484646
15.6978
5.204267
18.818
0.001450593
322.55983

Saturn
Neutral
100 100 100 0
0 0 0 0
300 300 300 0
5.6846e26
60268
2.48524
113.6358
.0531651
88.863
9.58201720
320.346750
0.000583997
20.95759

Uranus
Neutral
100 100 100 0
0 0 0 0
300 300 300 0
8.6810e25
25559
.77343
74.0954
.0428959
175.6807
19.22941195
142.955717
0.000204011
303.18967

Neptune
Neutral
100 100 100 0
0 0 0 0
300 300 300 0
1.0243e26
24764
1.7681
131.7925
.0102981
7.206
30.10366151
267.767281
0.000104392
299.8641

Pluto
Neutral
100 100 100 0
0 0 0 0
300 300 300 0
1.25e22
1153
17.12137
110.3833
.2501272
224.8025
39.264
14.86012204
6.93425e-5
235.7656